fit data below:

[{'f_o': 102.56477161032994,
  'f_inf': 0.37628931919507025,
  'k': 2,
  'N_alpha': 69.15840035775419,
  'alpha': 0.11024145209189207}]
